Iter  GoF  Param1  Param2  Param3  Param4  Param5  Param6  Param7  Param8  Param9  Param10  Param11  Param12  Param13  Param14  Param15  Param16  Param17  Param18  Param19  Param20  Param21  Param22  Param23  Param24  Param25  Param26  Param27  
1   1.8711006E-01   9.4020898E-01   2.4310822E-02   4.0560997E-01   9.1143595E-01   7.1177068E-01   9.1262256E-01   1.7501185E-01   7.4229451E-01   5.9626977E-01  
2   1.8711006E-01   9.4020898E-01   2.4310822E-02   4.0560997E-01   9.1143595E-01   7.1177068E-01   9.1262256E-01   1.7501185E-01   7.4229451E-01   5.9626977E-01  
3   1.8590361E-01   5.0369020E-01   6.1591698E-01   5.9777871E-01   1.0000000E+00   9.3598454E-01   1.0000000E+00   3.9999429E-01   3.9360344E-01   6.5520799E-01  
4   1.8590361E-01   5.0369020E-01   6.1591698E-01   5.9777871E-01   1.0000000E+00   9.3598454E-01   1.0000000E+00   3.9999429E-01   3.9360344E-01   6.5520799E-01  
5   1.8590361E-01   5.0369020E-01   6.1591698E-01   5.9777871E-01   1.0000000E+00   9.3598454E-01   1.0000000E+00   3.9999429E-01   3.9360344E-01   6.5520799E-01  
1   1.4215599E-01   6.8941725E-01   7.5273232E-01   9.6017340E-01   7.8763347E-01   6.1508515E-01   8.2866241E-01   4.2284579E-01   6.6757370E-01   3.7084768E-01   1.9549925E-01   8.5082871E-01   9.0310008E-01   3.9399455E-01   8.3128595E-02   1.8447691E-01   6.4535333E-01   7.2572812E-01   7.1870682E-01  
6   1.8590361E-01   5.0369020E-01   6.1591698E-01   5.9777871E-01   1.0000000E+00   9.3598454E-01   1.0000000E+00   3.9999429E-01   3.9360344E-01   6.5520799E-01  
7   1.8590361E-01   5.0369020E-01   6.1591698E-01   5.9777871E-01   1.0000000E+00   9.3598454E-01   1.0000000E+00   3.9999429E-01   3.9360344E-01   6.5520799E-01  
8   1.8590361E-01   5.0369020E-01   6.1591698E-01   5.9777871E-01   1.0000000E+00   9.3598454E-01   1.0000000E+00   3.9999429E-01   3.9360344E-01   6.5520799E-01  
9   1.8590361E-01   5.0369020E-01   6.1591698E-01   5.9777871E-01   1.0000000E+00   9.3598454E-01   1.0000000E+00   3.9999429E-01   3.9360344E-01   6.5520799E-01  
10   1.8590361E-01   5.0369020E-01   6.1591698E-01   5.9777871E-01   1.0000000E+00   9.3598454E-01   1.0000000E+00   3.9999429E-01   3.9360344E-01   6.5520799E-01  
11   1.8590361E-01   5.0369020E-01   6.1591698E-01   5.9777871E-01   1.0000000E+00   9.3598454E-01   1.0000000E+00   3.9999429E-01   3.9360344E-01   6.5520799E-01  
12   1.8590361E-01   5.0369020E-01   6.1591698E-01   5.9777871E-01   1.0000000E+00   9.3598454E-01   1.0000000E+00   3.9999429E-01   3.9360344E-01   6.5520799E-01  
13   1.8590361E-01   5.0369020E-01   6.1591698E-01   5.9777871E-01   1.0000000E+00   9.3598454E-01   1.0000000E+00   3.9999429E-01   3.9360344E-01   6.5520799E-01  
14   1.8590361E-01   5.0369020E-01   6.1591698E-01   5.9777871E-01   1.0000000E+00   9.3598454E-01   1.0000000E+00   3.9999429E-01   3.9360344E-01   6.5520799E-01  
15   1.8590361E-01   5.0369020E-01   6.1591698E-01   5.9777871E-01   1.0000000E+00   9.3598454E-01   1.0000000E+00   3.9999429E-01   3.9360344E-01   6.5520799E-01  
1   1.6442825E-01   3.2989974E-01   2.4981574E-01   4.9165156E-01   9.3050311E-01   2.9523349E-01   7.4262234E-01   8.0670334E-01   8.6832117E-01   1.7892932E-01   3.2039112E-01   8.9847109E-02   3.3384654E-01   6.0360693E-01   5.4318888E-01   7.4500099E-01   6.5714586E-01   2.2527010E-01   3.9179926E-01   4.8788242E-01   6.6968523E-01   5.8605018E-01   9.2004102E-01   6.3870169E-02   1.8721118E-01   3.6508101E-01   3.0034467E-01   6.3057998E-01  
16   1.8590361E-01   5.0369020E-01   6.1591698E-01   5.9777871E-01   1.0000000E+00   9.3598454E-01   1.0000000E+00   3.9999429E-01   3.9360344E-01   6.5520799E-01  
2   1.4215599E-01   6.8941725E-01   7.5273232E-01   9.6017340E-01   7.8763347E-01   6.1508515E-01   8.2866241E-01   4.2284579E-01   6.6757370E-01   3.7084768E-01   1.9549925E-01   8.5082871E-01   9.0310008E-01   3.9399455E-01   8.3128595E-02   1.8447691E-01   6.4535333E-01   7.2572812E-01   7.1870682E-01  
17   1.8590361E-01   5.0369020E-01   6.1591698E-01   5.9777871E-01   1.0000000E+00   9.3598454E-01   1.0000000E+00   3.9999429E-01   3.9360344E-01   6.5520799E-01  
18   1.8590361E-01   5.0369020E-01   6.1591698E-01   5.9777871E-01   1.0000000E+00   9.3598454E-01   1.0000000E+00   3.9999429E-01   3.9360344E-01   6.5520799E-01  
19   1.8590361E-01   5.0369020E-01   6.1591698E-01   5.9777871E-01   1.0000000E+00   9.3598454E-01   1.0000000E+00   3.9999429E-01   3.9360344E-01   6.5520799E-01  
20   1.8590361E-01   5.0369020E-01   6.1591698E-01   5.9777871E-01   1.0000000E+00   9.3598454E-01   1.0000000E+00   3.9999429E-01   3.9360344E-01   6.5520799E-01  
21   1.8590361E-01   5.0369020E-01   6.1591698E-01   5.9777871E-01   1.0000000E+00   9.3598454E-01   1.0000000E+00   3.9999429E-01   3.9360344E-01   6.5520799E-01  
3   1.4215599E-01   6.8941725E-01   7.5273232E-01   9.6017340E-01   7.8763347E-01   6.1508515E-01   8.2866241E-01   4.2284579E-01   6.6757370E-01   3.7084768E-01   1.9549925E-01   8.5082871E-01   9.0310008E-01   3.9399455E-01   8.3128595E-02   1.8447691E-01   6.4535333E-01   7.2572812E-01   7.1870682E-01  
1   1.0000000E+10   5.0000000E-01   5.0000000E-01   5.0000000E-01   5.0000000E-01   5.0000000E-01   5.0000000E-01   5.0000000E-01   5.0000000E-01   5.0000000E-01   5.0000000E-01   5.0000000E-01   5.0000000E-01   5.0000000E-01   5.0000000E-01   5.0000000E-01   5.0000000E-01   5.0000000E-01   5.0000000E-01   5.0000000E-01   5.0000000E-01   5.0000000E-01   5.0000000E-01   5.0000000E-01   5.0000000E-01   5.0000000E-01   5.0000000E-01   5.0000000E-01   5.0000000E-01   5.0000000E-01   5.0000000E-01   5.0000000E-01   5.0000000E-01   5.0000000E-01   5.0000000E-01   5.0000000E-01   5.0000000E-01  
22   1.8590361E-01   5.0369020E-01   6.1591698E-01   5.9777871E-01   1.0000000E+00   9.3598454E-01   1.0000000E+00   3.9999429E-01   3.9360344E-01   6.5520799E-01  
23   1.8590361E-01   5.0369020E-01   6.1591698E-01   5.9777871E-01   1.0000000E+00   9.3598454E-01   1.0000000E+00   3.9999429E-01   3.9360344E-01   6.5520799E-01  
24   1.8590361E-01   5.0369020E-01   6.1591698E-01   5.9777871E-01   1.0000000E+00   9.3598454E-01   1.0000000E+00   3.9999429E-01   3.9360344E-01   6.5520799E-01  
25   1.8590361E-01   5.0369020E-01   6.1591698E-01   5.9777871E-01   1.0000000E+00   9.3598454E-01   1.0000000E+00   3.9999429E-01   3.9360344E-01   6.5520799E-01  
4   1.4215599E-01   6.8941725E-01   7.5273232E-01   9.6017340E-01   7.8763347E-01   6.1508515E-01   8.2866241E-01   4.2284579E-01   6.6757370E-01   3.7084768E-01   1.9549925E-01   8.5082871E-01   9.0310008E-01   3.9399455E-01   8.3128595E-02   1.8447691E-01   6.4535333E-01   7.2572812E-01   7.1870682E-01  
26   1.8590361E-01   5.0369020E-01   6.1591698E-01   5.9777871E-01   1.0000000E+00   9.3598454E-01   1.0000000E+00   3.9999429E-01   3.9360344E-01   6.5520799E-01  
27   1.8590361E-01   5.0369020E-01   6.1591698E-01   5.9777871E-01   1.0000000E+00   9.3598454E-01   1.0000000E+00   3.9999429E-01   3.9360344E-01   6.5520799E-01  
2   5.5796671E-02   5.2049277E-01   5.0327644E-01   6.3210239E-01   5.0351849E-01   5.2169826E-01   2.0426725E-01   7.5495037E-01   6.3048591E-01   4.6470298E-01   5.6219621E-01   6.5931897E-01   5.4882196E-01   4.2835682E-01   3.8765299E-01   8.9804570E-01   2.4387468E-01   7.0341786E-01   6.6245651E-01   6.3339275E-01   8.1485144E-01   5.6650987E-01   5.3697746E-01   4.0577255E-01   1.4756323E-01   6.7106869E-01   7.5261480E-01   8.4260535E-01  
28   1.8590361E-01   5.0369020E-01   6.1591698E-01   5.9777871E-01   1.0000000E+00   9.3598454E-01   1.0000000E+00   3.9999429E-01   3.9360344E-01   6.5520799E-01  
29   1.8590361E-01   5.0369020E-01   6.1591698E-01   5.9777871E-01   1.0000000E+00   9.3598454E-01   1.0000000E+00   3.9999429E-01   3.9360344E-01   6.5520799E-01  
30   1.8590361E-01   5.0369020E-01   6.1591698E-01   5.9777871E-01   1.0000000E+00   9.3598454E-01   1.0000000E+00   3.9999429E-01   3.9360344E-01   6.5520799E-01  
5   1.3631111E-01   1.4046993E-01   8.6659494E-01   0.0000000E+00   6.0764323E-01   7.0530830E-01   7.4655109E-01   3.5870177E-01   4.7422608E-01   3.3130139E-01   5.0401124E-01   4.7471713E-01   9.5202488E-01   2.3405019E-02   2.1130314E-01   7.4797185E-01   9.5161985E-01   7.4205895E-01   9.6590200E-01  
31   1.8590361E-01   5.0369020E-01   6.1591698E-01   5.9777871E-01   1.0000000E+00   9.3598454E-01   1.0000000E+00   3.9999429E-01   3.9360344E-01   6.5520799E-01  
32   1.8590361E-01   5.0369020E-01   6.1591698E-01   5.9777871E-01   1.0000000E+00   9.3598454E-01   1.0000000E+00   3.9999429E-01   3.9360344E-01   6.5520799E-01  
33   1.8590361E-01   5.0369020E-01   6.1591698E-01   5.9777871E-01   1.0000000E+00   9.3598454E-01   1.0000000E+00   3.9999429E-01   3.9360344E-01   6.5520799E-01  
34   1.8590361E-01   5.0369020E-01   6.1591698E-01   5.9777871E-01   1.0000000E+00   9.3598454E-01   1.0000000E+00   3.9999429E-01   3.9360344E-01   6.5520799E-01  
35   1.8590361E-01   5.0369020E-01   6.1591698E-01   5.9777871E-01   1.0000000E+00   9.3598454E-01   1.0000000E+00   3.9999429E-01   3.9360344E-01   6.5520799E-01  
36   1.8590361E-01   5.0369020E-01   6.1591698E-01   5.9777871E-01   1.0000000E+00   9.3598454E-01   1.0000000E+00   3.9999429E-01   3.9360344E-01   6.5520799E-01  
37   1.8590361E-01   5.0369020E-01   6.1591698E-01   5.9777871E-01   1.0000000E+00   9.3598454E-01   1.0000000E+00   3.9999429E-01   3.9360344E-01   6.5520799E-01  
38   1.8590361E-01   5.0369020E-01   6.1591698E-01   5.9777871E-01   1.0000000E+00   9.3598454E-01   1.0000000E+00   3.9999429E-01   3.9360344E-01   6.5520799E-01  
6   1.3631111E-01   1.4046993E-01   8.6659494E-01   0.0000000E+00   6.0764323E-01   7.0530830E-01   7.4655109E-01   3.5870177E-01   4.7422608E-01   3.3130139E-01   5.0401124E-01   4.7471713E-01   9.5202488E-01   2.3405019E-02   2.1130314E-01   7.4797185E-01   9.5161985E-01   7.4205895E-01   9.6590200E-01  
2   5.7784151E-02   3.7102647E-01   4.5204726E-01   3.8367610E-01   9.4431258E-01   5.8551115E-01   3.4735457E-01   7.9358875E-01   2.4855965E-01   3.0336724E-01   6.1578483E-01   6.6078805E-01   6.3223545E-01   5.8127447E-01   6.0260044E-02   6.3665382E-01   3.1373316E-01   6.8413426E-01   1.7143391E-01   4.1381754E-01   4.6584590E-01   9.2223230E-01   2.0118346E-01   1.1415546E-01   3.5065488E-01   7.9609223E-01   5.9264106E-01   6.3461036E-01   1.7950188E-01   9.4529097E-01   4.2568584E-02   3.6072500E-01   4.7430099E-01   5.6077272E-01   1.8856443E-01   5.8485818E-01   6.1880490E-01  
39   1.8590361E-01   5.0369020E-01   6.1591698E-01   5.9777871E-01   1.0000000E+00   9.3598454E-01   1.0000000E+00   3.9999429E-01   3.9360344E-01   6.5520799E-01  
40   1.8590361E-01   5.0369020E-01   6.1591698E-01   5.9777871E-01   1.0000000E+00   9.3598454E-01   1.0000000E+00   3.9999429E-01   3.9360344E-01   6.5520799E-01  
41   1.8590361E-01   5.0369020E-01   6.1591698E-01   5.9777871E-01   1.0000000E+00   9.3598454E-01   1.0000000E+00   3.9999429E-01   3.9360344E-01   6.5520799E-01  
42   1.8590361E-01   5.0369020E-01   6.1591698E-01   5.9777871E-01   1.0000000E+00   9.3598454E-01   1.0000000E+00   3.9999429E-01   3.9360344E-01   6.5520799E-01  
43   1.8590361E-01   5.0369020E-01   6.1591698E-01   5.9777871E-01   1.0000000E+00   9.3598454E-01   1.0000000E+00   3.9999429E-01   3.9360344E-01   6.5520799E-01  
3   5.5796671E-02   5.2049277E-01   5.0327644E-01   6.3210239E-01   5.0351849E-01   5.2169826E-01   2.0426725E-01   7.5495037E-01   6.3048591E-01   4.6470298E-01   5.6219621E-01   6.5931897E-01   5.4882196E-01   4.2835682E-01   3.8765299E-01   8.9804570E-01   2.4387468E-01   7.0341786E-01   6.6245651E-01   6.3339275E-01   8.1485144E-01   5.6650987E-01   5.3697746E-01   4.0577255E-01   1.4756323E-01   6.7106869E-01   7.5261480E-01   8.4260535E-01  
44   1.8590361E-01   5.0369020E-01   6.1591698E-01   5.9777871E-01   1.0000000E+00   9.3598454E-01   1.0000000E+00   3.9999429E-01   3.9360344E-01   6.5520799E-01  
7   1.3631111E-01   1.4046993E-01   8.6659494E-01   0.0000000E+00   6.0764323E-01   7.0530830E-01   7.4655109E-01   3.5870177E-01   4.7422608E-01   3.3130139E-01   5.0401124E-01   4.7471713E-01   9.5202488E-01   2.3405019E-02   2.1130314E-01   7.4797185E-01   9.5161985E-01   7.4205895E-01   9.6590200E-01  
45   1.8590361E-01   5.0369020E-01   6.1591698E-01   5.9777871E-01   1.0000000E+00   9.3598454E-01   1.0000000E+00   3.9999429E-01   3.9360344E-01   6.5520799E-01  
46   1.8590361E-01   5.0369020E-01   6.1591698E-01   5.9777871E-01   1.0000000E+00   9.3598454E-01   1.0000000E+00   3.9999429E-01   3.9360344E-01   6.5520799E-01  
47   1.8590361E-01   5.0369020E-01   6.1591698E-01   5.9777871E-01   1.0000000E+00   9.3598454E-01   1.0000000E+00   3.9999429E-01   3.9360344E-01   6.5520799E-01  
48   1.8590361E-01   5.0369020E-01   6.1591698E-01   5.9777871E-01   1.0000000E+00   9.3598454E-01   1.0000000E+00   3.9999429E-01   3.9360344E-01   6.5520799E-01  
49   1.8590361E-01   5.0369020E-01   6.1591698E-01   5.9777871E-01   1.0000000E+00   9.3598454E-01   1.0000000E+00   3.9999429E-01   3.9360344E-01   6.5520799E-01  
8   1.2918149E-01   7.1350805E-01   8.0165128E-01   6.3381845E-01   9.4708699E-01   9.0976562E-01   8.1805742E-01   6.9483396E-02   3.6539406E-01   2.8727527E-01   6.4501504E-01   9.9096388E-01   9.3856959E-01   5.4148706E-01   3.6112241E-01   4.4226521E-01   6.9160415E-01   5.4441555E-01   6.5735600E-01  
50   1.8590361E-01   5.0369020E-01   6.1591698E-01   5.9777871E-01   1.0000000E+00   9.3598454E-01   1.0000000E+00   3.9999429E-01   3.9360344E-01   6.5520799E-01  
51   1.8590361E-01   5.0369020E-01   6.1591698E-01   5.9777871E-01   1.0000000E+00   9.3598454E-01   1.0000000E+00   3.9999429E-01   3.9360344E-01   6.5520799E-01  
52   1.8590361E-01   5.0369020E-01   6.1591698E-01   5.9777871E-01   1.0000000E+00   9.3598454E-01   1.0000000E+00   3.9999429E-01   3.9360344E-01   6.5520799E-01  
53   1.8590361E-01   5.0369020E-01   6.1591698E-01   5.9777871E-01   1.0000000E+00   9.3598454E-01   1.0000000E+00   3.9999429E-01   3.9360344E-01   6.5520799E-01  
54   1.8590361E-01   5.0369020E-01   6.1591698E-01   5.9777871E-01   1.0000000E+00   9.3598454E-01   1.0000000E+00   3.9999429E-01   3.9360344E-01   6.5520799E-01  
55   1.8590361E-01   5.0369020E-01   6.1591698E-01   5.9777871E-01   1.0000000E+00   9.3598454E-01   1.0000000E+00   3.9999429E-01   3.9360344E-01   6.5520799E-01  
4   5.5796671E-02   5.2049277E-01   5.0327644E-01   6.3210239E-01   5.0351849E-01   5.2169826E-01   2.0426725E-01   7.5495037E-01   6.3048591E-01   4.6470298E-01   5.6219621E-01   6.5931897E-01   5.4882196E-01   4.2835682E-01   3.8765299E-01   8.9804570E-01   2.4387468E-01   7.0341786E-01   6.6245651E-01   6.3339275E-01   8.1485144E-01   5.6650987E-01   5.3697746E-01   4.0577255E-01   1.4756323E-01   6.7106869E-01   7.5261480E-01   8.4260535E-01  
56   1.8590361E-01   5.0369020E-01   6.1591698E-01   5.9777871E-01   1.0000000E+00   9.3598454E-01   1.0000000E+00   3.9999429E-01   3.9360344E-01   6.5520799E-01  
57   1.8590361E-01   5.0369020E-01   6.1591698E-01   5.9777871E-01   1.0000000E+00   9.3598454E-01   1.0000000E+00   3.9999429E-01   3.9360344E-01   6.5520799E-01  
9   1.2551618E-01   6.3154251E-01   8.4064027E-01   3.6967430E-01   9.2042978E-01   9.1509293E-01   7.7168268E-01   3.1418238E-02   3.1950475E-01   2.8489056E-01   7.3843709E-01   9.8444570E-01   9.4198372E-01   4.5217956E-01   4.2249685E-01   5.2620405E-01   7.9096129E-01   6.6651181E-01   7.5210269E-01  
58   1.8590361E-01   5.0369020E-01   6.1591698E-01   5.9777871E-01   1.0000000E+00   9.3598454E-01   1.0000000E+00   3.9999429E-01   3.9360344E-01   6.5520799E-01  
59   1.8590361E-01   5.0369020E-01   6.1591698E-01   5.9777871E-01   1.0000000E+00   9.3598454E-01   1.0000000E+00   3.9999429E-01   3.9360344E-01   6.5520799E-01  
60   1.8590361E-01   5.0369020E-01   6.1591698E-01   5.9777871E-01   1.0000000E+00   9.3598454E-01   1.0000000E+00   3.9999429E-01   3.9360344E-01   6.5520799E-01  
3   5.7784151E-02   3.7102647E-01   4.5204726E-01   3.8367610E-01   9.4431258E-01   5.8551115E-01   3.4735457E-01   7.9358875E-01   2.4855965E-01   3.0336724E-01   6.1578483E-01   6.6078805E-01   6.3223545E-01   5.8127447E-01   6.0260044E-02   6.3665382E-01   3.1373316E-01   6.8413426E-01   1.7143391E-01   4.1381754E-01   4.6584590E-01   9.2223230E-01   2.0118346E-01   1.1415546E-01   3.5065488E-01   7.9609223E-01   5.9264106E-01   6.3461036E-01   1.7950188E-01   9.4529097E-01   4.2568584E-02   3.6072500E-01   4.7430099E-01   5.6077272E-01   1.8856443E-01   5.8485818E-01   6.1880490E-01  
61   1.8590361E-01   5.0369020E-01   6.1591698E-01   5.9777871E-01   1.0000000E+00   9.3598454E-01   1.0000000E+00   3.9999429E-01   3.9360344E-01   6.5520799E-01  
10   1.2551618E-01   6.3154251E-01   8.4064027E-01   3.6967430E-01   9.2042978E-01   9.1509293E-01   7.7168268E-01   3.1418238E-02   3.1950475E-01   2.8489056E-01   7.3843709E-01   9.8444570E-01   9.4198372E-01   4.5217956E-01   4.2249685E-01   5.2620405E-01   7.9096129E-01   6.6651181E-01   7.5210269E-01  
62   1.8590361E-01   5.0369020E-01   6.1591698E-01   5.9777871E-01   1.0000000E+00   9.3598454E-01   1.0000000E+00   3.9999429E-01   3.9360344E-01   6.5520799E-01  
63   1.8590361E-01   5.0369020E-01   6.1591698E-01   5.9777871E-01   1.0000000E+00   9.3598454E-01   1.0000000E+00   3.9999429E-01   3.9360344E-01   6.5520799E-01  
11   1.2551618E-01   6.3154251E-01   8.4064027E-01   3.6967430E-01   9.2042978E-01   9.1509293E-01   7.7168268E-01   3.1418238E-02   3.1950475E-01   2.8489056E-01   7.3843709E-01   9.8444570E-01   9.4198372E-01   4.5217956E-01   4.2249685E-01   5.2620405E-01   7.9096129E-01   6.6651181E-01   7.5210269E-01  
64   1.8590361E-01   5.0369020E-01   6.1591698E-01   5.9777871E-01   1.0000000E+00   9.3598454E-01   1.0000000E+00   3.9999429E-01   3.9360344E-01   6.5520799E-01  
5   5.5796671E-02   5.2049277E-01   5.0327644E-01   6.3210239E-01   5.0351849E-01   5.2169826E-01   2.0426725E-01   7.5495037E-01   6.3048591E-01   4.6470298E-01   5.6219621E-01   6.5931897E-01   5.4882196E-01   4.2835682E-01   3.8765299E-01   8.9804570E-01   2.4387468E-01   7.0341786E-01   6.6245651E-01   6.3339275E-01   8.1485144E-01   5.6650987E-01   5.3697746E-01   4.0577255E-01   1.4756323E-01   6.7106869E-01   7.5261480E-01   8.4260535E-01  
65   1.8590361E-01   5.0369020E-01   6.1591698E-01   5.9777871E-01   1.0000000E+00   9.3598454E-01   1.0000000E+00   3.9999429E-01   3.9360344E-01   6.5520799E-01  
66   1.8590361E-01   5.0369020E-01   6.1591698E-01   5.9777871E-01   1.0000000E+00   9.3598454E-01   1.0000000E+00   3.9999429E-01   3.9360344E-01   6.5520799E-01  
67   1.8590361E-01   5.0369020E-01   6.1591698E-01   5.9777871E-01   1.0000000E+00   9.3598454E-01   1.0000000E+00   3.9999429E-01   3.9360344E-01   6.5520799E-01  
12   1.2551618E-01   6.3154251E-01   8.4064027E-01   3.6967430E-01   9.2042978E-01   9.1509293E-01   7.7168268E-01   3.1418238E-02   3.1950475E-01   2.8489056E-01   7.3843709E-01   9.8444570E-01   9.4198372E-01   4.5217956E-01   4.2249685E-01   5.2620405E-01   7.9096129E-01   6.6651181E-01   7.5210269E-01  
68   1.8590361E-01   5.0369020E-01   6.1591698E-01   5.9777871E-01   1.0000000E+00   9.3598454E-01   1.0000000E+00   3.9999429E-01   3.9360344E-01   6.5520799E-01  
69   1.8590361E-01   5.0369020E-01   6.1591698E-01   5.9777871E-01   1.0000000E+00   9.3598454E-01   1.0000000E+00   3.9999429E-01   3.9360344E-01   6.5520799E-01  
13   1.2551618E-01   6.3154251E-01   8.4064027E-01   3.6967430E-01   9.2042978E-01   9.1509293E-01   7.7168268E-01   3.1418238E-02   3.1950475E-01   2.8489056E-01   7.3843709E-01   9.8444570E-01   9.4198372E-01   4.5217956E-01   4.2249685E-01   5.2620405E-01   7.9096129E-01   6.6651181E-01   7.5210269E-01  
