Iter Gbest GbestRate[%] IterBestFit normSwarmRadius |gbest-mean(pbest)|/mean(pbest)[%] 
1   1.8711006E-01  100.000   1.8711006E-01   4.6040318E-01  100.000  
2   1.8711006E-01    0.000   1.8902778E-01   3.8725903E-01   23.072  
3   1.8590361E-01    0.645   1.8590361E-01   4.0500133E-01   20.791  
4   1.8590361E-01    0.000   1.8619739E-01   3.8041672E-01   18.465  
5   1.8590361E-01    0.000   1.8619739E-01   3.4847422E-01   15.464  
1   1.4215599E-01  100.000   1.4215599E-01   3.9057046E-01  100.000  
6   1.8590361E-01    0.000   1.8590361E-01   3.2648399E-01   11.636  
7   1.8590361E-01    0.000   1.8590361E-01   2.9527908E-01    8.523  
8   1.8590361E-01    0.000   1.8590361E-01   2.7517141E-01    6.682  
9   1.8590361E-01    0.000   1.8619739E-01   2.5550801E-01    3.329  
10   1.8590361E-01    0.000   1.8590361E-01   2.3271304E-01    3.113  
11   1.8590361E-01    0.000   1.8590361E-01   2.1018163E-01    1.353  
12   1.8590361E-01    0.000   1.8590361E-01   1.9310948E-01    0.469  
13   1.8590361E-01    0.000   1.8590361E-01   1.8421275E-01    0.344  
14   1.8590361E-01    0.000   1.8590361E-01   1.8061838E-01    0.312  
15   1.8590361E-01    0.000   1.8590361E-01   1.7611292E-01    0.230  
1   1.6442825E-01  100.000   1.6442825E-01   3.7794642E-01  100.000  
16   1.8590361E-01    0.000   1.8590361E-01   1.7623857E-01    0.180  
2   1.4215599E-01    0.000   1.6332583E-01   3.4122991E-01  100.000  
17   1.8590361E-01    0.000   1.8590361E-01   1.7929028E-01    0.109  
18   1.8590361E-01    0.000   1.8590361E-01   1.7958475E-01    0.100  
19   1.8590361E-01    0.000   1.8590361E-01   1.6919445E-01    0.052  
20   1.8590361E-01    0.000   1.8590361E-01   1.6919051E-01    0.048  
21   1.8590361E-01    0.000   1.8590361E-01   1.6498381E-01    0.041  
3   1.4215599E-01    0.000   1.6608069E-01   3.8919468E-01  100.000  
1   1.0000000E+10  100.000   1.0000000E+10   2.8617726E-01    0.000  
22   1.8590361E-01    0.000   1.8590361E-01   1.7352868E-01    0.041  
23   1.8590361E-01    0.000   1.8590361E-01   1.7473432E-01    0.028  
24   1.8590361E-01    0.000   1.8590361E-01   1.7451228E-01    0.024  
25   1.8590361E-01    0.000   1.8590361E-01   1.7274909E-01    0.020  
4   1.4215599E-01    0.000   1.6545358E-01   3.4347159E-01  100.000  
26   1.8590361E-01    0.000   1.8590361E-01   1.6723656E-01    0.020  
27   1.8590361E-01    0.000   1.8590361E-01   1.5853391E-01    0.020  
2   5.5796671E-02   66.066   5.5796671E-02   3.0307961E-01  100.000  
28   1.8590361E-01    0.000   1.8590361E-01   1.5926830E-01    0.016  
29   1.8590361E-01    0.000   1.8590361E-01   1.7368325E-01    0.016  
30   1.8590361E-01    0.000   1.8590361E-01   1.7278623E-01    0.016  
5   1.3631111E-01    4.112   1.3631111E-01   3.6550878E-01  100.000  
31   1.8590361E-01    0.000   1.8590361E-01   1.6625262E-01    0.016  
32   1.8590361E-01    0.000   1.8590361E-01   1.6064018E-01    0.016  
33   1.8590361E-01    0.000   1.8590361E-01   1.6592776E-01    0.016  
34   1.8590361E-01    0.000   1.8590361E-01   1.6838570E-01    0.016  
35   1.8590361E-01    0.000   1.8590361E-01   1.6699859E-01    0.016  
36   1.8590361E-01    0.000   1.8590361E-01   1.6618134E-01    0.016  
37   1.8590361E-01    0.000   1.8590361E-01   1.5634705E-01    0.016  
38   1.8590361E-01    0.000   1.8590361E-01   1.5639539E-01    0.016  
6   1.3631111E-01    0.000   1.5573317E-01   3.7781712E-01  100.000  
2   5.7784151E-02  100.000   5.7784151E-02   3.2850151E-01  100.000  
39   1.8590361E-01    0.000   1.8590361E-01   1.6149671E-01    0.012  
40   1.8590361E-01    0.000   1.8590361E-01   1.6089037E-01    0.012  
41   1.8590361E-01    0.000   1.8590361E-01   1.6463111E-01    0.012  
42   1.8590361E-01    0.000   1.8590361E-01   1.6286577E-01    0.008  
43   1.8590361E-01    0.000   1.8590361E-01   1.5956567E-01    0.008  
3   5.5796671E-02    0.000   1.3258162E-01   3.7121545E-01  100.000  
44   1.8590361E-01    0.000   1.8590361E-01   1.5923105E-01    0.008  
7   1.3631111E-01    0.000   1.4000853E-01   3.7088926E-01  100.000  
45   1.8590361E-01    0.000   1.8590361E-01   1.5841291E-01    0.008  
46   1.8590361E-01    0.000   1.8590361E-01   1.5878091E-01    0.008  
47   1.8590361E-01    0.000   1.8590361E-01   1.6550281E-01    0.008  
48   1.8590361E-01    0.000   1.8590361E-01   1.6954021E-01    0.008  
49   1.8590361E-01    0.000   1.8590361E-01   1.6127349E-01    0.004  
8   1.2918149E-01    5.230   1.2918149E-01   3.4946333E-01  100.000  
50   1.8590361E-01    0.000   1.8590361E-01   1.6189751E-01    0.004  
51   1.8590361E-01    0.000   1.8590361E-01   1.6231811E-01    0.004  
52   1.8590361E-01    0.000   1.8590361E-01   1.6464622E-01    0.004  
53   1.8590361E-01    0.000   1.8590361E-01   1.6468062E-01    0.004  
54   1.8590361E-01    0.000   1.8590361E-01   1.6394248E-01    0.004  
55   1.8590361E-01    0.000   1.8590361E-01   1.7081043E-01    0.004  
4   5.5796671E-02    0.000   6.5623840E-02   3.2649714E-01  100.000  
56   1.8590361E-01    0.000   1.8590361E-01   1.7268131E-01    0.004  
57   1.8590361E-01    0.000   1.8590361E-01   1.7424312E-01    0.004  
9   1.2551618E-01    2.837   1.2551618E-01   3.2613163E-01  100.000  
58   1.8590361E-01    0.000   1.8590361E-01   1.7202685E-01    0.004  
59   1.8590361E-01    0.000   1.8590361E-01   1.6681005E-01    0.004  
60   1.8590361E-01    0.000   1.8590361E-01   1.6389288E-01    0.004  
3   5.7784151E-02    0.000   1.0000000E+10   3.8220255E-01  100.000  
61   1.8590361E-01    0.000   1.8590361E-01   1.6320620E-01    0.004  
10   1.2551618E-01    0.000   1.2551618E-01   3.0900607E-01  100.000  
62   1.8590361E-01    0.000   1.8590361E-01   1.6350486E-01    0.004  
63   1.8590361E-01    0.000   1.8590361E-01   1.6960702E-01    0.004  
11   1.2551618E-01    0.000   1.2551618E-01   3.1534935E-01  100.000  
64   1.8590361E-01    0.000   1.8590361E-01   1.7674735E-01    0.004  
5   5.5796671E-02    0.000   1.1378898E-01   2.9833305E-01  100.000  
65   1.8590361E-01    0.000   1.8590361E-01   1.7542364E-01    0.004  
66   1.8590361E-01    0.000   1.8590361E-01   1.6651920E-01    0.004  
67   1.8590361E-01    0.000   1.8590361E-01   1.6270429E-01    0.004  
12   1.2551618E-01    0.000   1.2551618E-01   2.9512641E-01  100.000  
68   1.8590361E-01    0.000   1.8590361E-01   1.6269991E-01    0.004  
69   1.8590361E-01    0.000   1.8590361E-01   1.6531838E-01    0.004  
13   1.2551618E-01    0.000   1.2551618E-01   2.7523649E-01  100.000  
